1.424220000000000041e+01
1.281000000000000050e+01
1.222000000000000064e+01
9.371999999999999886e+00
9.210000000000000853e+00
6.907000000000000028e+00
4.875000000000000000e+00
5.192000000000000171e+00
4.381999999999999673e+00
2.669999999999999929e+00
3.681000000000000050e+00
2.089999999999999858e+00
2.544000000000000039e+00
2.772299999999999986e+00
1.872000000000000108e+00
1.877000000000000002e+00
1.883000000000000007e+00
1.879000000000000004e+00
1.883999999999999897e+00
1.891999999999999904e+00
1.885999999999999899e+00
1.891999999999999904e+00
1.883999999999999897e+00
1.885999999999999899e+00
1.895999999999999908e+00
